5.000000000000000104e-03 1.078217158293041378e-01	4.135183054965968448e-05	0.000000000000000000e+00	0.000000000000000000e+00	0.000000000000000000e+00	0.000000000000000000e+00	0.000000000000000000e+00	0.000000000000000000e+00	0.000000000000000000e+00	0.000000000000000000e+00
1.499999999999999944e-02 1.296478613399585644e-01	6.152926337638623842e-05	0.000000000000000000e+00	0.000000000000000000e+00	0.000000000000000000e+00	0.000000000000000000e+00	0.000000000000000000e+00	0.000000000000000000e+00	0.000000000000000000e+00	0.000000000000000000e+00
2.500000000000000139e-02 1.745133954964645795e-01	1.089805268968063132e-04	0.000000000000000000e+00	0.000000000000000000e+00	0.000000000000000000e+00	0.000000000000000000e+00	0.000000000000000000e+00	0.000000000000000000e+00	0.000000000000000000e+00	0.000000000000000000e+00
3.500000000000000333e-02 2.445685508540412501e-01	1.995356657027786611e-04	1.578257975002350085e-09	0.000000000000000000e+00	0.000000000000000000e+00	0.000000000000000000e+00	0.000000000000000000e+00	0.000000000000000000e+00	0.000000000000000000e+00	0.000000000000000000e+00
4.499999999999999833e-02 3.423889645451797525e-01	3.612218567040234259e-04	8.296418445519497320e-09	0.000000000000000000e+00	0.000000000000000000e+00	0.000000000000000000e+00	0.000000000000000000e+00	0.000000000000000000e+00	0.000000000000000000e+00	0.000000000000000000e+00
5.500000000000000028e-02 4.703091163291192034e-01	6.399161441442219799e-04	2.953263473307121509e-08	0.000000000000000000e+00	0.000000000000000000e+00	0.000000000000000000e+00	0.000000000000000000e+00	0.000000000000000000e+00	0.000000000000000000e+00	0.000000000000000000e+00
6.500000000000000222e-02 6.297137217588588687e-01	1.107612911471056623e-03	8.630391021432811577e-08	0.000000000000000000e+00	0.000000000000000000e+00	0.000000000000000000e+00	0.000000000000000000e+00	0.000000000000000000e+00	0.000000000000000000e+00	0.000000000000000000e+00
7.500000000000001110e-02 8.204188629292701318e-01	1.873928723377800117e-03	2.271280587141281501e-07	0.000000000000000000e+00	0.000000000000000000e+00	0.000000000000000000e+00	0.000000000000000000e+00	0.000000000000000000e+00	0.000000000000000000e+00	0.000000000000000000e+00
8.499999999999999223e-02 1.040263259508909854e+00	3.099803728085876679e-03	5.503451183045784632e-07	0.000000000000000000e+00	0.000000000000000000e+00	0.000000000000000000e+00	0.000000000000000000e+00	0.000000000000000000e+00	0.000000000000000000e+00	0.000000000000000000e+00
9.500000000000000111e-02 1.285023625351734200e+00	5.021376135393521185e-03	1.276928230260283191e-06	0.000000000000000000e+00	0.000000000000000000e+00	0.000000000000000000e+00	0.000000000000000000e+00	0.000000000000000000e+00	0.000000000000000000e+00	0.000000000000000000e+00
1.050000000000000100e-01 1.548644616802398621e+00	7.969475515952409439e-03	2.829840022941952003e-06	0.000000000000000000e+00	0.000000000000000000e+00	0.000000000000000000e+00	0.000000000000000000e+00	0.000000000000000000e+00	0.000000000000000000e+00	0.000000000000000000e+00
1.149999999999999911e-01 1.823770094610462467e+00	1.239451309168182122e-02	6.000195904961854324e-06	0.000000000000000000e+00	0.000000000000000000e+00	0.000000000000000000e+00	0.000000000000000000e+00	0.000000000000000000e+00	0.000000000000000000e+00	0.000000000000000000e+00
1.250000000000000000e-01 2.102421627313646457e+00	1.890258193042892651e-02	1.227501541797020988e-05	0.000000000000000000e+00	0.000000000000000000e+00	0.000000000000000000e+00	0.000000000000000000e+00	0.000000000000000000e+00	0.000000000000000000e+00	0.000000000000000000e+00
1.350000000000000089e-01 2.376824958382410369e+00	2.828162661129893229e-02	2.430391929764138558e-05	0.000000000000000000e+00	0.000000000000000000e+00	0.000000000000000000e+00	0.000000000000000000e+00	0.000000000000000000e+00	0.000000000000000000e+00	0.000000000000000000e+00
1.450000000000000178e-01 2.640011857460978106e+00	4.153019309471000370e-02	4.671763671844019302e-05	0.000000000000000000e+00	0.000000000000000000e+00	0.000000000000000000e+00	0.000000000000000000e+00	0.000000000000000000e+00	0.000000000000000000e+00	0.000000000000000000e+00
1.549999999999999989e-01 2.886247565442204621e+00	5.987905083726038913e-02	8.735923318942225479e-05	1.494466246455799654e-09	0.000000000000000000e+00	0.000000000000000000e+00	0.000000000000000000e+00	0.000000000000000000e+00	0.000000000000000000e+00	0.000000000000000000e+00
1.650000000000000078e-01 3.111191714514746298e+00	8.480180457852372344e-02	1.592152340667606428e-04	8.316181352637505642e-09	0.000000000000000000e+00	0.000000000000000000e+00	0.000000000000000000e+00	0.000000000000000000e+00	0.000000000000000000e+00	0.000000000000000000e+00
1.749999999999999889e-01 3.311813828806746685e+00	1.180095805380029506e-01	2.832486755314131389e-04	2.758018720918826558e-08	0.000000000000000000e+00	0.000000000000000000e+00	0.000000000000000000e+00	0.000000000000000000e+00	0.000000000000000000e+00	0.000000000000000000e+00
1.849999999999999978e-01 3.486135788385647416e+00	1.614249179611239593e-01	4.925125809039496887e-04	7.858648033357786070e-08	0.000000000000000000e+00	0.000000000000000000e+00	0.000000000000000000e+00	0.000000000000000000e+00	0.000000000000000000e+00	0.000000000000000000e+00
1.950000000000000067e-01 3.632898583716585694e+00	2.171303569061693306e-01	8.379201907232228328e-04	2.041875422310630256e-07	0.000000000000000000e+00	0.000000000000000000e+00	0.000000000000000000e+00	0.000000000000000000e+00	0.000000000000000000e+00	0.000000000000000000e+00
2.050000000000000155e-01 3.751246082548736815e+00	2.872893272087954086e-01	1.396138360339738409e-03	4.915686047503876713e-07	0.000000000000000000e+00	0.000000000000000000e+00	0.000000000000000000e+00	0.000000000000000000e+00	0.000000000000000000e+00	0.000000000000000000e+00
2.149999999999999967e-01 3.840492025013682476e+00	3.740331096520606580e-01	2.278882002830656586e-03	1.110389789279419766e-06	0.000000000000000000e+00	0.000000000000000000e+00	0.000000000000000000e+00	0.000000000000000000e+00	0.000000000000000000e+00	0.000000000000000000e+00
2.250000000000000056e-01 3.900004736384806048e+00	4.793374617561087514e-01	3.648062724704526950e-03	2.397514239225024471e-06	0.000000000000000000e+00	0.000000000000000000e+00	0.000000000000000000e+00	0.000000000000000000e+00	0.000000000000000000e+00	0.000000000000000000e+00
2.349999999999999867e-01 3.929202247676808479e+00	6.048645669424630444e-01	5.731779575912844538e-03	4.992718901990629092e-06	0.000000000000000000e+00	0.000000000000000000e+00	0.000000000000000000e+00	0.000000000000000000e+00	0.000000000000000000e+00	0.000000000000000000e+00
2.449999999999999956e-01 3.927635389682492484e+00	7.517996590992763739e-01	8.845133156510276776e-03	1.009167885554288071e-05	0.000000000000000000e+00	0.000000000000000000e+00	0.000000000000000000e+00	0.000000000000000000e+00	0.000000000000000000e+00	0.000000000000000000e+00
2.550000000000000044e-01 3.895119979133676580e+00	9.206664131831486797e-01	1.340283761537454030e-02	1.966182182000756433e-05	0.000000000000000000e+00	0.000000000000000000e+00	0.000000000000000000e+00	0.000000000000000000e+00	0.000000000000000000e+00	0.000000000000000000e+00
2.650000000000000133e-01 3.831887147068063104e+00	1.111214793973914983e+00	1.995612103555195055e-02	3.721638241718402387e-05	0.000000000000000000e+00	0.000000000000000000e+00	0.000000000000000000e+00	0.000000000000000000e+00	0.000000000000000000e+00	0.000000000000000000e+00
2.750000000000000222e-01 3.738713660228555113e+00	1.322285405849681128e+00	2.920854110070745038e-02	6.858438027768128521e-05	1.490982467547758550e-09	0.000000000000000000e+00	0.000000000000000000e+00	0.000000000000000000e+00	0.000000000000000000e+00	0.000000000000000000e+00
2.850000000000000311e-01 3.617018844949620338e+00	1.551745132159910723e+00	4.203944620608174310e-02	1.232794215598357419e-04	8.322575643405675498e-09	0.000000000000000000e+00	0.000000000000000000e+00	0.000000000000000000e+00	0.000000000000000000e+00	0.000000000000000000e+00
2.949999999999999845e-01 3.468914237911834508e+00	1.796475140206090337e+00	5.952106299809497431e-02	2.164704836768254175e-04	2.695933003637383083e-08	0.000000000000000000e+00	0.000000000000000000e+00	0.000000000000000000e+00	0.000000000000000000e+00	0.000000000000000000e+00
3.049999999999999933e-01 3.297201426044506167e+00	2.052421599086914572e+00	8.292772007825285896e-02	3.718014522999138851e-04	7.573085037417780051e-08	0.000000000000000000e+00	0.000000000000000000e+00	0.000000000000000000e+00	0.000000000000000000e+00	0.000000000000000000e+00
3.150000000000000022e-01 3.105296279739645726e+00	2.314709466337057986e+00	1.137334120300085710e-01	6.253192451177586042e-04	1.874381692621607387e-07	0.000000000000000000e+00	0.000000000000000000e+00	0.000000000000000000e+00	0.000000000000000000e+00	0.000000000000000000e+00
3.250000000000000111e-01 2.897195287442257516e+00	2.577813839597105527e+00	1.535940811665067740e-01	1.030789298757859001e-03	4.380727558204187412e-07	0.000000000000000000e+00	0.000000000000000000e+00	0.000000000000000000e+00	0.000000000000000000e+00	0.000000000000000000e+00
3.350000000000000200e-01 2.677256091079295075e+00	2.835777399549029631e+00	2.043106597527948876e-01	1.666717400301815201e-03	9.682410050892640238e-07	0.000000000000000000e+00	0.000000000000000000e+00	0.000000000000000000e+00	0.000000000000000000e+00	0.000000000000000000e+00
3.450000000000000289e-01 2.450040895804500796e+00	3.082458296255478736e+00	2.677700649013020073e-01	2.645305806387924889e-03	2.048047371047530531e-06	0.000000000000000000e+00	0.000000000000000000e+00	0.000000000000000000e+00	0.000000000000000000e+00	0.000000000000000000e+00
3.549999999999999822e-01 2.220129126004085407e+00	3.311789508226874013e+00	3.458623352361911429e-01	4.123575966580563835e-03	4.171128766218394871e-06	0.000000000000000000e+00	0.000000000000000000e+00	0.000000000000000000e+00	0.000000000000000000e+00	0.000000000000000000e+00
3.649999999999999911e-01 1.991920418522034497e+00	3.518030520745069278e+00	4.403744282367317853e-01	6.316666524500684499e-03	8.210388384431329919e-06	0.000000000000000000e+00	0.000000000000000000e+00	0.000000000000000000e+00	0.000000000000000000e+00	0.000000000000000000e+00
3.750000000000000000e-01 1.769453728987734564e+00	3.695994054939828022e+00	5.528643915903631578e-01	9.513209926720970697e-03	1.566889060721366527e-05	0.000000000000000000e+00	0.000000000000000000e+00	0.000000000000000000e+00	0.000000000000000000e+00	0.000000000000000000e+00
3.850000000000000089e-01 1.556256662388602718e+00	3.841235511433762184e+00	6.845224932528304329e-01	1.409232277768531633e-02	2.907703220983452044e-05	0.000000000000000000e+00	0.000000000000000000e+00	0.000000000000000000e+00	0.000000000000000000e+00	0.000000000000000000e+00
3.950000000000000178e-01 1.355235493133665425e+00	3.950199475269936311e+00	8.360301417581244010e-01	2.054141247157956207e-02	5.257940373386009079e-05	0.000000000000000000e+00	0.000000000000000000e+00	0.000000000000000000e+00	0.000000000000000000e+00	0.000000000000000000e+00
4.050000000000000266e-01 1.168611483567763676e+00	4.020324140190422391e+00	1.007429105645015754e+00	2.947362203709297940e-02	9.282275197696085672e-05	1.550317580279856555e-09	0.000000000000000000e+00	0.000000000000000000e+00	0.000000000000000000e+00	0.000000000000000000e+00
4.150000000000000355e-01 9.979040228652994449e-01	4.050109093328011944e+00	1.198014503745040260e+00	4.164328623216986131e-02	1.602324555435368728e-04	8.403048408694890560e-09	0.000000000000000000e+00	0.000000000000000000e+00	0.000000000000000000e+00	0.000000000000000000e+00
4.249999999999999889e-01 8.439565485520793553e-01	4.039152480980326310e+00	1.406263789584356605e+00	5.795722203813517825e-02	2.708344030024414386e-04	2.455027438465334416e-08	0.000000000000000000e+00	0.000000000000000000e+00	0.000000000000000000e+00	0.000000000000000000e+00
4.349999999999999978e-01 7.069979351997044414e-01	3.988160663212093393e+00	1.629810148399699399e+00	7.947958918209999113e-02	4.487479384300073590e-04	6.995008970585627810e-08	0.000000000000000000e+00	0.000000000000000000e+00	0.000000000000000000e+00	0.000000000000000000e+00
4.450000000000000067e-01 5.867296534052566237e-01	3.898928020761637026e+00	1.865464334635462240e+00	1.074276742654496353e-01	7.296155955712834524e-04	1.732966720313715274e-07	0.000000000000000000e+00	0.000000000000000000e+00	0.000000000000000000e+00	0.000000000000000000e+00
4.550000000000000155e-01 4.824282274073780630e-01	3.774279853976029830e+00	2.109284172604182217e+00	1.431560662617222812e-01	1.165053658711086857e-03	3.985825185020590743e-07	0.000000000000000000e+00	0.000000000000000000e+00	0.000000000000000000e+00	0.000000000000000000e+00
4.650000000000000244e-01 3.930525337874305469e-01	3.617970039327189635e+00	2.356687068442609334e+00	1.881273100908031903e-01	1.828427576081342225e-03	8.688302754367861680e-07	0.000000000000000000e+00	0.000000000000000000e+00	0.000000000000000000e+00	0.000000000000000000e+00
4.749999999999999778e-01 3.173472552145492620e-01	3.434528695190819825e+00	2.602598606788535385e+00	2.438673498830345454e-01	2.822024668272879108e-03	1.807390803281993403e-06	0.000000000000000000e+00	0.000000000000000000e+00	0.000000000000000000e+00	0.000000000000000000e+00
4.849999999999999867e-01 2.539354535071935426e-01	3.229062699710891327e+00	2.841629325444278376e+00	3.119058358656286445e-01	4.285795051320311945e-03	3.623275574577523807e-06	0.000000000000000000e+00	0.000000000000000000e+00	0.000000000000000000e+00	0.000000000000000000e+00
4.949999999999999956e-01 2.013987204728271141e-01	3.007022045985891623e+00	3.068271768965430191e+00	3.937017942474875243e-01	6.407530649159514161e-03	7.021499102030973401e-06	0.000000000000000000e+00	0.000000000000000000e+00	0.000000000000000000e+00	0.000000000000000000e+00
5.050000000000000044e-01 1.583291048521422162e-01	2.773947318030636211e+00	3.277109441153165381e+00	4.905573559536871575e-01	9.434436673536029938e-03	1.319142269777267286e-05	0.000000000000000000e+00	0.000000000000000000e+00	0.000000000000000000e+00	0.000000000000000000e+00
5.150000000000000133e-01 1.233893548608115398e-01	2.535233398202881183e+00	3.463029194653943321e+00	6.035232914786577973e-01	1.368567854608412557e-02	2.409101475965036047e-05	0.000000000000000000e+00	0.000000000000000000e+00	0.000000000000000000e+00	0.000000000000000000e+00
5.250000000000000222e-01 9.533981514120153100e-02	2.295916859215687555e+00	3.621427120061836646e+00	7.333013345346328649e-01	1.956520863930443291e-02	4.287256357252356093e-05	0.000000000000000000e+00	0.000000000000000000e+00	0.000000000000000000e+00	0.000000000000000000e+00
5.350000000000000311e-01 7.304675386957136529e-02	2.060503633035104976e+00	3.748397197421030391e+00	8.801498990596172689e-01	2.757414042686970670e-02	7.447990628264199381e-05	0.000000000000000000e+00	0.000000000000000000e+00	0.000000000000000000e+00	0.000000000000000000e+00
5.450000000000000400e-01 5.550492650138775380e-02	1.832860009382487165e+00	3.840891799591144906e+00	1.043799554970214372e+00	3.832147132192380984e-02	1.265156568802216889e-04	0.000000000000000000e+00	0.000000000000000000e+00	0.000000000000000000e+00	0.000000000000000000e+00
5.550000000000000488e-01 4.183609669178333518e-02	1.616147697550514017e+00	3.896843600540826014e+00	1.223385510206387083e+00	5.253172415369349035e-02	2.104443129259320536e-04	4.032989671816310912e-09	0.000000000000000000e+00	0.000000000000000000e+00	0.000000000000000000e+00
5.650000000000000577e-01 3.128623784658553925e-02	1.412806913239545992e+00	3.915241059367073007e+00	1.417403471570270801e+00	7.104807141710199614e-02	3.432246974892169287e-04	1.379457219002055037e-08	0.000000000000000000e+00	0.000000000000000000e+00	0.000000000000000000e+00
5.749999999999999556e-01 2.321863077848394449e-02	1.224576864095843431e+00	3.896152798858250499e+00	1.623694303550027529e+00	9.482923846733158635e-02	5.495069389808526598e-04	3.873977507284407830e-08	0.000000000000000000e+00	0.000000000000000000e+00	0.000000000000000000e+00
5.849999999999999645e-01 1.710405031721119740e-02	1.052544084657795143e+00	3.840700060335904276e+00	1.839461143991594660e+00	1.249386814961092190e-01	8.645015575160985496e-04	9.959864381384121283e-08	0.000000000000000000e+00	0.000000000000000000e+00	0.000000000000000000e+00
5.949999999999999734e-01 1.250930412623107307e-02	8.972100456129248336e-01	3.750980560280434251e+00	2.061320918135503444e+00	1.625246801873907743e-01	1.337650722403645057e-03	2.313400797393807781e-07	0.000000000000000000e+00	0.000000000000000000e+00	0.000000000000000000e+00
6.049999999999999822e-01 9.084880431789548599e-03	7.585709725531404324e-01	3.629950144358512709e+00	2.285389592770110667e+00	2.087906041689941428e-01	2.037201577742858531e-03	5.075410933299856115e-07	0.000000000000000000e+00	0.000000000000000000e+00	0.000000000000000000e+00
6.149999999999999911e-01 6.552657175565439716e-03	6.362036009470667386e-01	3.481271406069473162e+00	2.507398242230403529e+00	2.649548401442621826e-01	3.055786380012530563e-03	1.061008853693791682e-06	0.000000000000000000e+00	0.000000000000000000e+00	0.000000000000000000e+00
6.250000000000000000e-01 4.694520054149433838e-03	5.293547800468055842e-01	3.309140300652003042e+00	2.722834924928346556e+00	3.322008579134129169e-01	4.516997290565948064e-03	2.129509658619972841e-06	0.000000000000000000e+00	0.000000000000000000e+00	0.000000000000000000e+00
6.350000000000000089e-01 3.340315700342002224e-03	4.370172805806374905e-01	3.118099177074038941e+00	2.927105131223408208e+00	4.116188865833156352e-01	6.582914839543432643e-03	4.126092490147112520e-06	0.000000000000000000e+00	0.000000000000000000e+00	0.000000000000000000e+00
6.450000000000000178e-01 2.359887299223831225e-03	3.580169249114394381e-01	2.912852206149874501e+00	3.115702566549297448e+00	5.041409897698234666e-01	9.462422346256386257e-03	7.742156057079766272e-06	0.000000000000000000e+00	0.000000000000000000e+00	0.000000000000000000e+00
6.550000000000000266e-01 1.654723162144167538e-03	2.910819454488992597e-01	2.698088142028519432e+00	3.284380816197782327e+00	6.104728156681197282e-01	1.341998854412589440e-02	1.410784152647320758e-05	0.000000000000000000e+00	0.000000000000000000e+00	0.000000000000000000e+00
6.650000000000000355e-01 1.151604043533153510e-03	2.349138137251528535e-01	2.478326104972591537e+00	3.429316763849517002e+00	7.310253779696528342e-01	1.878449897181828920e-02	2.502454722252876821e-05	0.000000000000000000e+00	0.000000000000000000e+00	0.000000000000000000e+00
6.750000000000000444e-01 7.946029348587558844e-04	1.882051261981881052e-01	2.257766895901337723e+00	3.547256314749196004e+00	8.658513444561843908e-01	2.595757321618714572e-02	4.329801284127389975e-05	0.000000000000000000e+00	0.000000000000000000e+00	0.000000000000000000e+00
6.850000000000000533e-01 5.430605246976654647e-04	1.497081917495511894e-01	2.040196083234779856e+00	3.635635536757175768e+00	1.014589907833217453e+00	3.542047265681154411e-02	7.320290144149495747e-05	0.000000000000000000e+00	0.000000000000000000e+00	0.000000000000000000e+00
6.950000000000000622e-01 3.671811341292993626e-04	1.182534112244370550e-01	1.828901936128280781e+00	3.692670390747592624e+00	1.176424705514864444e+00	4.773901956976002448e-02	1.211336925299755793e-04	0.000000000000000000e+00	0.000000000000000000e+00	0.000000000000000000e+00
7.050000000000000711e-01 2.452655542677399853e-04	9.276824908173862683e-02	1.626627222177534859e+00	3.717411327700153034e+00	1.350058599117166747e+00	6.356521435340085902e-02	1.964774096246965445e-04	0.000000000000000000e+00	0.000000000000000000e+00	0.000000000000000000e+00
7.149999999999999689e-01 1.615914579253997123e-04	7.228811318990459311e-02	1.435549411254026353e+00	3.709760815547297863e+00	1.533708314373543491e+00	8.363492448806054969e-02	3.127951031461368033e-04	0.000000000000000000e+00	0.000000000000000000e+00	0.000000000000000000e+00
7.249999999999999778e-01 1.048285571105788403e-04	5.596046812288076738e-02	1.257286460431598973e+00	3.670454212396290217e+00	1.725121108081852928e+00	1.087604904930682265e-01	4.893427597672221499e-04	1.456061734093984536e-09	0.000000000000000000e+00	0.000000000000000000e+00
7.349999999999999867e-01 6.683642342553857731e-05	4.304355256459265616e-02	1.092924038513191531e+00	3.601006372441974523e+00	1.921614144955815062e+00	1.398175252630311505e-01	7.530431952511201831e-04	8.295270765035265225e-09	0.000000000000000000e+00	0.000000000000000000e+00
7.449999999999999956e-01 4.180077790240090086e-05	3.290130137910427660e-02	9.430599198297102692e-01	3.503628401702389095e+00	2.120135965259387856e+00	1.777254512646819495e-01	1.140967365176177167e-03	2.432585510002236436e-08	0.000000000000000000e+00	0.000000000000000000e+00
7.550000000000000044e-01 2.559457892291514637e-05	2.499549720011074935e-02	8.078605166163296269e-01	3.381120277305756261e+00	2.317348267458680944e+00	2.234215028534502767e-01	1.703373286998251766e-03	6.417233628903902325e-08	0.000000000000000000e+00	0.000000000000000000e+00
7.650000000000000133e-01 1.531321385062976077e-05	1.887642644045542384e-02	6.871250971250240092e-01	3.236745990970107734e+00	2.509724406151535359e+00	2.778283546579187746e-01	2.507328021277677177e-03	1.517722344330768477e-07	0.000000000000000000e+00	0.000000000000000000e+00
7.750000000000000222e-01 8.934588548266415091e-06	1.417266090069925835e-02	5.803533375742742084e-01	3.074098543388745330e+00	2.693660444593272807e+00	3.418162171547586281e-01	3.640977380255062783e-03	3.365767060673378247e-07	0.000000000000000000e+00	0.000000000000000000e+00
7.850000000000000311e-01 5.073826760060914485e-06	1.058079129605179330e-02	4.868123983187329640e-01	2.896961873388196551e+00	2.865593549828276743e+00	4.161603311883276812e-01	5.218341693337309913e-03	7.106103377142923362e-07	0.000000000000000000e+00	0.000000000000000000e+00
7.950000000000000400e-01 2.797290023426145036e-06	7.855545762642461571e-03	4.056008674145082926e-01	2.709176526659473172e+00	3.022121772107780213e+00	5.014957687230904293e-01	7.384598913608150968e-03	1.431461040806993166e-06	0.000000000000000000e+00	0.000000000000000000e+00
8.050000000000000488e-01 1.493274421300117987e-06	5.800600029121063574e-03	3.357068314114715069e-01	2.514515008324589740e+00	3.160119739718454834e+00	5.982712992567880139e-01	1.032169604985969276e-02	2.776601124329569583e-06	0.000000000000000000e+00	0.000000000000000000e+00
8.150000000000000577e-01 7.698470185195613382e-07	4.260295862442566896e-03	2.760589433677470561e-01	2.316571590383928569e+00	3.276844300017469624e+00	7.067049297521483808e-01	1.425399623868239297e-02	5.203503540730690383e-06	0.000000000000000000e+00	0.000000000000000000e+00
8.250000000000000666e-01 3.814992679790297007e-07	3.112310821864192664e-03	2.255695498985499092e-01	2.118670059756414759e+00	3.370024018199976990e+00	8.267392647257771898e-01	1.945254804178210908e-02	9.448693920550267991e-06	0.000000000000000000e+00	0.000000000000000000e+00
8.349999999999999645e-01 1.796190425101870640e-07	2.261381865619161661e-03	1.831694742138577359e-01	1.923791974891938539e+00	3.437934997498148793e+00	9.580195960631880947e-01	2.624318139450864881e-02	1.668834423848866656e-05	0.000000000000000000e+00	0.000000000000000000e+00
8.449999999999999734e-01 7.965031344020627752e-08	1.633926832916611721e-03	1.478349069009259609e-01	1.734525512070848485e+00	3.479445726385387516e+00	1.099853756370449798e+00	3.500593977538077328e-02	2.870458001043064649e-05	0.000000000000000000e+00	0.000000000000000000e+00
8.549999999999999822e-01 3.308774014168371201e-08	1.173579010430763573e-03	1.186068474470203526e-01	1.553035473763768382e+00	3.494046820809197040e+00	1.251210291610129088e+00	4.618099436342443243e-02	4.819963016516803033e-05	0.000000000000000000e+00	0.000000000000000000e+00
8.649999999999999911e-01 1.268518494659823395e-08	8.374972357398946000e-04	9.460394147744553839e-02	1.381052436626227342e+00	3.481849652789920757e+00	1.410703489332546523e+00	6.026298514078790025e-02	7.907139262086145687e-05	0.000000000000000000e+00	0.000000000000000000e+00
8.750000000000000000e-01 3.519662473708756367e-09	5.933624681668123397e-04	7.502972653257518332e-02	1.219879248662573579e+00	3.443568111615034955e+00	1.576619597849298060e+00	7.780421084420517663e-02	1.269906301203760997e-04	0.000000000000000000e+00	0.000000000000000000e+00
8.850000000000000089e-01 0.000000000000000000e+00	4.169562924520801416e-04	5.917525233895862963e-02	1.070412026082142365e+00	3.380473945518848389e+00	1.746935015897122412e+00	9.940517553047605037e-02	1.999644570658323513e-04	0.000000000000000000e+00	0.000000000000000000e+00
8.950000000000000178e-01 0.000000000000000000e+00	2.902367688117785940e-04	4.641809861400808535e-02	9.331724707416635400e-01	3.294335553518516146e+00	1.919355168246976717e+00	1.257035409836860240e-01	3.090732810209581181e-04	0.000000000000000000e+00	0.000000000000000000e+00
9.050000000000000266e-01 0.000000000000000000e+00	1.998301145374139121e-04	3.621863129586197494e-02	8.083487861232403482e-01	3.187343741191400959e+00	2.091377789598960035e+00	1.573685111660756974e-01	4.697339482057800715e-04	0.000000000000000000e+00	0.000000000000000000e+00
9.150000000000000355e-01 0.000000000000000000e+00	1.358547491987587810e-04	2.811449309575780875e-02	6.958416844335675311e-01	3.062024563675729727e+00	2.260349703245913666e+00	1.950785156574638413e-01	7.028173759330179002e-04	0.000000000000000000e+00	0.000000000000000000e+00
9.250000000000000444e-01 0.000000000000000000e+00	9.102852346656716768e-05	2.171380181604910808e-02	5.953129802384609093e-01	2.921147867676236576e+00	2.423540653263660971e+00	2.394984701387319337e-01	1.035991916444130214e-03	0.000000000000000000e+00	0.000000000000000000e+00
9.350000000000000533e-01 0.000000000000000000e+00	5.999410016161635503e-05	1.668780105574797432e-02	5.062344000886442874e-01	2.767635605296249857e+00	2.578234801537201193e+00	2.912668654256705958e-01	1.506093642152708844e-03	0.000000000000000000e+00	0.000000000000000000e+00
9.450000000000000622e-01 0.000000000000000000e+00	3.881227499653339163e-05	1.276336031413575871e-02	4.279342164285037664e-01	2.604470952946609241e+00	2.721809872371083738e+00	3.509651311089739822e-01	2.161081837497402618e-03	0.000000000000000000e+00	0.000000000000000000e+00
9.550000000000000711e-01 0.000000000000000000e+00	2.459551927428404113e-05	9.715599356015073435e-03	3.596406618236993591e-01	2.434613751687146888e+00	2.851819014074937542e+00	4.190886043995807331e-01	3.062295803766916773e-03	3.833942628194970337e-09	0.000000000000000000e+00
9.649999999999999689e-01 0.000000000000000000e+00	1.523555144894496301e-05	7.360995136729957602e-03	3.005205977605175938e-01	2.260924290932856184e+00	2.966071279509085556e+00	4.960280693344484848e-01	4.288370464831942584e-03	1.333938472510609766e-08	0.000000000000000000e+00
9.749999999999999778e-01 0.000000000000000000e+00	9.207036169126746962e-06	5.551021854383311228e-03	2.497128696056624686e-01	2.086095464673492383e+00	3.062685791318199957e+00	5.820276515705719023e-01	5.936998237721237415e-03	3.720775411279037031e-08	0.000000000000000000e+00
9.849999999999999867e-01 0.000000000000000000e+00	5.416645976458100685e-06	4.166400771558494837e-03	2.063560504165388720e-01	1.912596206277475064e+00	3.140140715185001596e+00	6.771627694629825944e-01	8.128850296612600765e-03	9.020824536902778201e-08	0.000000000000000000e+00
9.949999999999999956e-01 0.000000000000000000e+00	3.096460507909842466e-06	3.112114124805071252e-03	1.696106375970591329e-01	1.742625810081889215e+00	3.197299393489003272e+00	7.813117032962146880e-01	1.101061465046133427e-02	2.050444452123344235e-07	0.000000000000000000e+00
1.004999999999999893e+00 0.000000000000000000e+00	1.715888605205026247e-06	2.312979564639283843e-03	1.386758332482344314e-01	1.578080510372368517e+00	3.233421484087071640e+00	8.941333157415433108e-01	1.475803864979714254e-02	4.335336651617809092e-07	0.000000000000000000e+00
1.015000000000000124e+00 0.000000000000000000e+00	9.188180777842209317e-07	1.709948620904188287e-03	1.128015745962061833e-01	1.420533039646425300e+00	3.248161900988994155e+00	1.015051928904251444e+00	1.957857502951230316e-02	8.780151142673215675e-07	0.000000000000000000e+00
1.024999999999999911e+00 0.000000000000000000e+00	4.748138681160980979e-07	1.256926660897417962e-03	9.129643289497477165e-02	1.271225967377687782e+00	3.241562521841939493e+00	1.143251319912964581e+00	2.571354286320616869e-02	1.705387309446108992e-06	0.000000000000000000e+00
1.035000000000000142e+00 0.000000000000000000e+00	2.347334307092583662e-07	9.181496611621350716e-04	7.353196039525476679e-02	1.131078574406298332e+00	3.214040155780307995e+00	1.277678997287755136e+00	3.343944393565410206e-02	3.197157393103261352e-06	0.000000000000000000e+00
1.044999999999999929e+00 0.000000000000000000e+00	1.108298858308961890e-07	6.660248138605971658e-04	5.894435244439319432e-02	1.000705917011309953e+00	3.166372857697399290e+00	1.417064395576010272e+00	4.306967762870397842e-02	5.804360584828493961e-06	0.000000000000000000e+00
1.055000000000000160e+00 0.000000000000000000e+00	4.944088126827249104e-08	4.793563100423699880e-04	4.703383674220208699e-02	8.804478594956297588e-01	3.099679808366440525e+00	1.559932957928324759e+00	5.494983122989929164e-02	1.021597589196942582e-05	0.000000000000000000e+00
1.064999999999999947e+00 0.000000000000000000e+00	2.063340146806139599e-08	3.419445278749803853e-04	3.736246806110751773e-02	7.704045126292198287e-01	3.015398451306536831e+00	1.704650994494464333e+00	6.946046146701945201e-02	1.747767245090666680e-05	0.000000000000000000e+00
1.075000000000000178e+00 0.000000000000000000e+00	7.307883975612036542e-09	2.414573215316687105e-04	2.955060523066233014e-02	6.704744355269013356e-01	2.915247552757930460e+00	1.849457463168298954e+00	8.701081765305548887e-02	2.912244550828762312e-05	0.000000000000000000e+00
1.084999999999999964e+00 0.000000000000000000e+00	1.037051163131684343e-09	1.685308989165923540e-04	2.327259818746005640e-02	5.803921490788210846e-01	2.801179656223879100e+00	1.992506540366161039e+00	1.080324245531559813e-01	4.733354563250048762e-05	0.000000000000000000e+00
1.095000000000000195e+00 0.000000000000000000e+00	0.000000000000000000e+00	1.160802408886791074e-04	1.825178806459467479e-02	4.997629830463130585e-01	2.675324271177835556e+00	2.131923780605971874e+00	1.329774969431601339e-01	7.521504865750866325e-05	0.000000000000000000e+00
1.104999999999999982e+00 0.000000000000000000e+00	0.000000000000000000e+00	7.875781414913926451e-05	1.425528202976039313e-02	4.280938326271263583e-01	2.539921499265986427e+00	2.265843834626993125e+00	1.623030291398802893e-01	1.170157058146206882e-04	0.000000000000000000e+00
1.115000000000000213e+00 0.000000000000000000e+00	0.000000000000000000e+00	5.253464937747910553e-05	1.108865116497185534e-02	3.648199465152018872e-01	2.397255903755550754e+00	2.392463431998186341e+00	1.964630194457317180e-01	1.785253940143681050e-04	0.000000000000000000e+00
1.125000000000000000e+00 0.000000000000000000e+00	0.000000000000000000e+00	3.438346408301209034e-05	8.590791797441890698e-03	3.093282083863065357e-01	2.249591643078124203e+00	2.510081466523844895e+00	2.358935028979569359e-01	2.675167894629314745e-04	0.000000000000000000e+00
1.135000000000000231e+00 0.000000000000000000e+00	0.000000000000000000e+00	2.203463198597339353e-05	6.629096713148043343e-03	2.609774130612895759e-01	2.099113427466503090e+00	2.617131958332536090e+00	2.809959310813570643e-01	3.942972661422539560e-04	0.000000000000000000e+00
1.145000000000000018e+00 0.000000000000000000e+00	0.000000000000000000e+00	1.379856799577231740e-05	5.095118850228978410e-03	2.191160289373776937e-01	1.947874785273863596e+00	2.712206785773685791e+00	3.321185308819903925e-01	5.724094821100220035e-04	0.000000000000000000e+00
1.155000000000000027e+00 0.000000000000000000e+00	0.000000000000000000e+00	8.425562373392154279e-06	3.900657690432617845e-03	1.830975560232764865e-01	1.797754639137778110e+00	2.794068928288794940e+00	3.895365790229908809e-01	8.194433269838773603e-04	0.000000000000000000e+00
1.165000000000000036e+00 0.000000000000000000e+00	0.000000000000000000e+00	5.007402552090646559e-06	2.974377075094970443e-03	1.522932494652439184e-01	1.650423176381355272e+00	2.861659587449961073e+00	4.534331342554419053e-01	1.158042775252383959e-03	0.000000000000000000e+00
1.174999999999999822e+00 0.000000000000000000e+00	0.000000000000000000e+00	2.890557929836373960e-06	2.258915615579519878e-03	1.261024666980589404e-01	1.507318281673888816e+00	2.914105588767764043e+00	5.238849846960680345e-01	1.617190635531876161e-03	0.000000000000000000e+00
1.185000000000000053e+00 0.000000000000000000e+00	0.000000000000000000e+00	1.616183207139477365e-06	1.708386524354734651e-03	1.039603723242506911e-01	1.369633141108906660e+00	2.950724158844391987e+00	6.008409820368626475e-01	2.233077392005063371e-03	0.000000000000000000e+00
1.194999999999999840e+00 0.000000000000000000e+00	0.000000000000000000e+00	8.733659295058213357e-07	1.286297049447863170e-03	8.534328833883855769e-02	1.238316420061732259e+00	2.971044872780638446e+00	6.841259809600513941e-01	3.051114033368177748e-03	0.000000000000000000e+00
1.205000000000000071e+00 0.000000000000000000e+00	0.000000000000000000e+00	4.546691566550493728e-07	9.638028976482659795e-04	6.977212254143691506e-02	1.114082988598361412e+00	2.974828436849586755e+00	7.734311765304964226e-01	4.126900785633205379e-03	0.000000000000000000e+00
1.214999999999999858e+00 0.000000000000000000e+00	0.000000000000000000e+00	2.271595477915332327e-07	7.182336516433954730e-04	5.681384708238328834e-02	9.974339676513920283e-01	2.962097348851706613e+00	8.683309588290014647e-01	5.528771359543660502e-03	0.000000000000000000e+00
1.225000000000000089e+00 0.000000000000000000e+00	0.000000000000000000e+00	1.091051044797446945e-07	5.318783881457998493e-04	4.608167735317787034e-02	8.886819414521908156e-01	2.933156248789373866e+00	9.682824430235252855e-01	7.338377391967122916e-03	0.000000000000000000e+00
1.234999999999999876e+00 0.000000000000000000e+00	0.000000000000000000e+00	4.964096718412530927e-08	3.910092129374783017e-04	3.723449743062746259e-02	7.879802191958323876e-01	2.888609072392274157e+00	1.072645386963776426e+00	9.652820427983004395e-03	0.000000000000000000e+00
1.245000000000000107e+00 0.000000000000000000e+00	0.000000000000000000e+00	2.126283553924766077e-08	2.849237639169424218e-04	2.997192371538041911e-02	6.953403898294363561e-01	2.829353896835017590e+00	1.180693384530566936e+00	1.258582452750408795e-02	0.000000000000000000e+00
1.254999999999999893e+00 0.000000000000000000e+00	0.000000000000000000e+00	7.539224424960978283e-09	2.054905662747426320e-04	2.403633936062258072e-02	6.106699759981610853e-01	2.756563585546982331e+00	1.291623015568615473e+00	1.626877152183377542e-02	0.000000000000000000e+00
1.265000000000000124e+00 0.000000000000000000e+00	0.000000000000000000e+00	1.023074306804608152e-09	1.464014182605691608e-04	1.920499511416720942e-02	5.337770900870867363e-01	2.671636731556645383e+00	1.404558142323563574e+00	2.085125825579753345e-02	0.000000000000000000e+00
1.274999999999999911e+00 0.000000000000000000e+00	0.000000000000000000e+00	0.000000000000000000e+00	1.028538086006498836e-04	1.528946700526267154e-02	4.643973366270419123e-01	2.576139751435498670e+00	1.518549853763413005e+00	2.650115799842115219e-02	0.000000000000000000e+00
1.285000000000000142e+00 0.000000000000000000e+00	0.000000000000000000e+00	0.000000000000000000e+00	7.109586184401548868e-05	1.212854646639368976e-02	4.021917793119197948e-01	2.471728810249131492e+00	1.632574583626246634e+00	3.340408308887055783e-02	0.000000000000000000e+00
1.294999999999999929e+00 0.000000000000000000e+00	0.000000000000000000e+00	0.000000000000000000e+00	4.824877212200498721e-05	9.587191724519650987e-03	3.467694632254048059e-01	2.360083437984635601e+00	1.745537465543479883e+00	4.176323266922928740e-02	4.258002245931126560e-09
1.305000000000000160e+00 0.000000000000000000e+00	0.000000000000000000e+00	0.000000000000000000e+00	3.208324258760365512e-05	7.552405351484142888e-03	2.976960662847482064e-01	2.242843106035780298e+00	1.856271220246371811e+00	5.179505081643764192e-02	1.441512167676505357e-08
1.314999999999999947e+00 0.000000000000000000e+00	0.000000000000000000e+00	0.000000000000000000e+00	2.085284032176437831e-05	5.929201934826203689e-03	2.544992054569690798e-01	2.121558180353503076e+00	1.963563803111355144e+00	6.373054025879752726e-02	3.611072861706229526e-08
1.325000000000000178e+00 0.000000000000000000e+00	0.000000000000000000e+00	0.000000000000000000e+00	1.322135635122609756e-05	4.639391466751269233e-03	2.166917550908142032e-01	1.997671019455988572e+00	2.066181898179629606e+00	7.781090995856201897e-02	8.406319902260945042e-08
1.334999999999999964e+00 0.000000000000000000e+00	0.000000000000000000e+00	0.000000000000000000e+00	8.166414123370614980e-06	3.618516693022865664e-03	1.837812895490103515e-01	1.872506675771549611e+00	2.162911759076690643e+00	9.428508543402892850e-02	1.824342400439268918e-07
1.345000000000000195e+00 0.000000000000000000e+00	0.000000000000000000e+00	0.000000000000000000e+00	4.902552276052651112e-06	2.813038803460248764e-03	1.552752884263327027e-01	1.747269386442194650e+00	2.252601950088613414e+00	1.134049281507664986e-01	3.771333750689515557e-07
1.354999999999999982e+00 0.000000000000000000e+00	0.000000000000000000e+00	0.000000000000000000e+00	2.855271281965130845e-06	2.179497410072629357e-03	1.307006069923280500e-01	1.623062407145606567e+00	2.334218500539935626e+00	1.354264883573123579e-01	7.452939002307928516e-07
1.365000000000000213e+00 0.000000000000000000e+00	0.000000000000000000e+00	0.000000000000000000e+00	1.612324622729272033e-06	1.682691024425972794e-03	1.096102111092146780e-01	1.500896067151544333e+00	2.406867903030515787e+00	1.605954509019900667e-01	1.414919062206866309e-06
1.375000000000000000e+00 0.000000000000000000e+00	0.000000000000000000e+00	0.000000000000000000e+00	8.786998825515204588e-07	1.294013849005369804e-03	9.158511565713786662e-02	1.381686936036189861e+00	2.469834400140701103e+00	1.891487204208116002e-01	2.588880213757093305e-06
1.385000000000000231e+00 0.000000000000000000e+00	0.000000000000000000e+00	0.000000000000000000e+00	4.608221440841937663e-07	9.907950163514835790e-04	7.624508085565767646e-02	1.266268221401139593e+00	2.522583270982806436e+00	2.213028464396055717e-01	4.582959937139252045e-06
1.395000000000000018e+00 0.000000000000000000e+00	0.000000000000000000e+00	0.000000000000000000e+00	2.318027808417546322e-07	7.548528103851043745e-04	6.324378599664214062e-02	1.155371198330420901e+00	2.564751492750061868e+00	2.572454394297177815e-01	7.868412389590729106e-06
1.405000000000000027e+00 0.000000000000000000e+00	0.000000000000000000e+00	0.000000000000000000e+00	1.118464965352967452e-07	5.717704960556581209e-04	5.227020651412286889e-02	1.049616239488450953e+00	2.596125105923020815e+00	2.971252702799223600e-01	1.312821863643140509e-05
1.415000000000000036e+00 0.000000000000000000e+00	0.000000000000000000e+00	0.000000000000000000e+00	5.082626102374054196e-08	4.301562256100741402e-04	4.304676246256064487e-02	9.495002662039040420e-01	2.616609572197065692e+00	3.410423710637096040e-01	2.131613047559295318e-05
1.424999999999999822e+00 0.000000000000000000e+00	0.000000000000000000e+00	0.000000000000000000e+00	2.189632496536433379e-08	3.210327718859150065e-04	3.532700601117639422e-02	8.553878750060210923e-01	2.626201156466551723e+00	3.890393000682546565e-01	3.375038940108241082e-05
1.435000000000000053e+00 0.000000000000000000e+00	0.000000000000000000e+00	0.000000000000000000e+00	7.854717265417465296e-09	2.373427990993252088e-04	2.889300669812891464e-02	7.675090807396577341e-01	2.624966441663910910e+00	4.410945622113511266e-01	5.219136456857463135e-05
1.444999999999999840e+00 0.000000000000000000e+00	0.000000000000000000e+00	0.000000000000000000e+00	1.260519427501273744e-09	1.735387667761175258e-04	2.355293033751845733e-02	6.859647951378312625e-01	2.613034324241104933e+00	4.971191261193574351e-01	7.896458263734398169e-05
1.455000000000000071e+00 0.000000000000000000e+00	0.000000000000000000e+00	0.000000000000000000e+00	0.000000000000000000e+00	1.252556915949442967e-04	1.913844023700840558e-02	6.107379567568121947e-01	2.590600548309847984e+00	5.569564340093605681e-01	1.170872983728468009e-04
1.464999999999999858e+00 0.000000000000000000e+00	0.000000000000000000e+00	0.000000000000000000e+00	0.000000000000000000e+00	8.908383497925628325e-05	1.550396041520211814e-02	5.417186516977443578e-01	2.557945674114363133e+00	6.203857225438950129e-01	1.704276104607682933e-04
1.475000000000000089e+00 0.000000000000000000e+00	0.000000000000000000e+00	0.000000000000000000e+00	0.000000000000000000e+00	6.229529194619791508e-05	1.252233378426567158e-02	4.787122141310845569e-01	2.515449839859981385e+00	6.871279740947012771e-01	2.439088098736098896e-04
1.484999999999999876e+00 0.000000000000000000e+00	0.000000000000000000e+00	0.000000000000000000e+00	0.000000000000000000e+00	4.274112054082308072e-05	1.008487441058949358e-02	4.214698899187538372e-01	2.463613950891937687e+00	7.568531375530456184e-01	3.437387520390109883e-04
1.495000000000000107e+00 0.000000000000000000e+00	0.000000000000000000e+00	0.000000000000000000e+00	0.000000000000000000e+00	2.871600923033200116e-05	8.099074539794628644e-03	3.697049500595449012e-01	2.403067942179767602e+00	8.291872579845196434e-01	4.776928040640910180e-04
1.504999999999999893e+00 0.000000000000000000e+00	0.000000000000000000e+00	0.000000000000000000e+00	0.000000000000000000e+00	1.884757930117978100e-05	6.486013341418172054e-03	3.231012975054552427e-01	2.334563368063908406e+00	9.037184307937534689e-01	6.554534631502709164e-04
1.515000000000000124e+00 0.000000000000000000e+00	0.000000000000000000e+00	0.000000000000000000e+00	0.000000000000000000e+00	1.206317820551249517e-05	5.179981319209828877e-03	2.813351549791809902e-01	2.258963294533762767e+00	9.800011231676187817e-01	8.889990108615944105e-04
1.524999999999999911e+00 0.000000000000000000e+00	0.000000000000000000e+00	0.000000000000000000e+00	0.000000000000000000e+00	7.515053373239235566e-06	4.125694533748927063e-03	2.440736415952691751e-01	2.177209161209013644e+00	1.057559212812890337e+00	1.193040868833916083e-03
1.535000000000000142e+00 0.000000000000000000e+00	0.000000000000000000e+00	0.000000000000000000e+00	0.000000000000000000e+00	4.548108956972503519e-06	3.277108208949591501e-03	2.109826275916526217e-01	2.090288689487901141e+00	1.135888749264031494e+00	1.585498642198597758e-03
1.544999999999999929e+00 0.000000000000000000e+00	0.000000000000000000e+00	0.000000000000000000e+00	0.000000000000000000e+00	2.669073138065854864e-06	2.596017629061727998e-03	1.817300522614286873e-01	1.999201483264129608e+00	1.214461839277274580e+00	2.088014445383670065e-03
1.555000000000000160e+00 0.000000000000000000e+00	0.000000000000000000e+00	0.000000000000000000e+00	0.000000000000000000e+00	1.516376304458723838e-06	2.050837640286324193e-03	1.559886806001508919e-01	1.904929221910998782e+00	1.292732451317368358e+00	2.726479260656688042e-03
1.564999999999999947e+00 0.000000000000000000e+00	0.000000000000000000e+00	0.000000000000000000e+00	0.000000000000000000e+00	8.324617410413328720e-07	1.615538341847668358e-03	1.334388236154520346e-01	1.808413624111611773e+00	1.370144645449508980e+00	3.531560484362108576e-03
1.575000000000000178e+00 0.000000000000000000e+00	0.000000000000000000e+00	0.000000000000000000e+00	0.000000000000000000e+00	4.398841210968624119e-07	1.268762811193533888e-03	1.137711516464231520e-01	1.710542895517262130e+00	1.446142520076655114e+00	4.539206292873576576e-03
1.584999999999999964e+00 0.000000000000000000e+00	0.000000000000000000e+00	0.000000000000000000e+00	0.000000000000000000e+00	2.229231895181371091e-07	9.930294226253482195e-04	9.668891490704456526e-02	1.612144001462782805e+00	1.520180886545664745e+00	5.791110805076347089e-03
1.595000000000000195e+00 0.000000000000000000e+00	0.000000000000000000e+00	0.000000000000000000e+00	0.000000000000000000e+00	1.082970123459726297e-07	7.742415257943953844e-04	8.191391953456469976e-02	1.513986882121627575e+00	1.591735527578969744e+00	7.335121818836175082e-03
1.604999999999999982e+00 0.000000000000000000e+00	0.000000000000000000e+00	0.000000000000000000e+00	0.000000000000000000e+00	5.039568911441077196e-08	6.008781198181478104e-04	6.918307667583968590e-02	1.416773248612637204e+00	1.660311041638059981e+00	9.225562127666437837e-03
1.615000000000000213e+00 0.000000000000000000e+00	0.000000000000000000e+00	0.000000000000000000e+00	0.000000000000000000e+00	2.179551257606224894e-08	4.637537672259800297e-04	5.825510538032322577e-02	1.321146308933135449e+00	1.725447438772820474e+00	1.152344096524312092e-02
1.625000000000000000e+00 0.000000000000000000e+00	0.000000000000000000e+00	0.000000000000000000e+00	0.000000000000000000e+00	7.754752149860899849e-09	3.554776264804281743e-04	4.890752361345867411e-02	1.227679529922245383e+00	1.786723438576762302e+00	1.429653777034821903e-02
1.635000000000000231e+00 0.000000000000000000e+00	0.000000000000000000e+00	0.000000000000000000e+00	0.000000000000000000e+00	1.305919069936438168e-09	2.702324343452899022e-04	4.094071141266424074e-02	1.136885709037061876e+00	1.843759838452911914e+00	1.761931725227084550e-02
1.645000000000000018e+00 0.000000000000000000e+00	0.000000000000000000e+00	0.000000000000000000e+00	0.000000000000000000e+00	0.000000000000000000e+00	2.033789252793083489e-04	3.417414924290391315e-02	1.049205150533255138e+00	1.896219983074988180e+00	2.157268328208005945e-02
1.655000000000000249e+00 0.000000000000000000e+00	0.000000000000000000e+00	0.000000000000000000e+00	0.000000000000000000e+00	0.000000000000000000e+00	1.512432921886155220e-04	2.844651689241257594e-02	9.650072516786367682e-01	1.943810901517156076e+00	2.624351108545398478e-02
1.665000000000000036e+00 0.000000000000000000e+00	0.000000000000000000e+00	0.000000000000000000e+00	0.000000000000000000e+00	0.000000000000000000e+00	1.109006575193933146e-04	2.361448856266999685e-02	8.845905380464965662e-01	1.986283875795317622e+00	3.172395515963429696e-02
1.674999999999999822e+00 0.000000000000000000e+00	0.000000000000000000e+00	0.000000000000000000e+00	0.000000000000000000e+00	0.000000000000000000e+00	8.000763387355868501e-05	1.955134764723008914e-02	8.081844073660079397e-01	2.023434773618497662e+00	3.811053537418156167e-02
1.685000000000000053e+00 0.000000000000000000e+00	0.000000000000000000e+00	0.000000000000000000e+00	0.000000000000000000e+00	0.000000000000000000e+00	5.666166449176816741e-05	1.614562898752558082e-02	7.359525634714483289e-01	2.055104060501311558e+00	4.550299625544988041e-02
1.694999999999999840e+00 0.000000000000000000e+00	0.000000000000000000e+00	0.000000000000000000e+00	0.000000000000000000e+00	0.000000000000000000e+00	3.930654413982943309e-05	1.329974950902398055e-02	6.679974975262383818e-01	2.081176265714664630e+00	5.400288760858007464e-02
1.705000000000000071e+00 0.000000000000000000e+00	0.000000000000000000e+00	0.000000000000000000e+00	0.000000000000000000e+00	0.000000000000000000e+00	2.665123476708760895e-05	1.092856320004359158e-02	6.043645269309501078e-01	2.101578453415358538e+00	6.371196530397235658e-02
1.714999999999999858e+00 0.000000000000000000e+00	0.000000000000000000e+00	0.000000000000000000e+00	0.000000000000000000e+00	0.000000000000000000e+00	1.762943477207965293e-05	8.958802258700254012e-03	5.450532817762421267e-01	2.116280529155466716e+00	7.473036274727722084e-02
1.725000000000000089e+00 0.000000000000000000e+00	0.000000000000000000e+00	0.000000000000000000e+00	0.000000000000000000e+00	0.000000000000000000e+00	1.135413879085924605e-05	7.326683363896851521e-03	4.900131881061178807e-01	2.125289750754190798e+00	8.715457686005563531e-02
1.734999999999999876e+00 0.000000000000000000e+00	0.000000000000000000e+00	0.000000000000000000e+00	0.000000000000000000e+00	0.000000000000000000e+00	7.107160948569226165e-06	5.977787349740255884e-03	4.391576719267333839e-01	2.128651077172045269e+00	1.010753449907865475e-01
1.745000000000000107e+00 0.000000000000000000e+00	0.000000000000000000e+00	0.000000000000000000e+00	0.000000000000000000e+00	0.000000000000000000e+00	4.316481732440382064e-06	4.865670446539726093e-03	3.923670010264249108e-01	2.126443779983195892e+00	1.165754343777547636e-01
1.754999999999999893e+00 0.000000000000000000e+00	0.000000000000000000e+00	0.000000000000000000e+00	0.000000000000000000e+00	0.000000000000000000e+00	2.540964445657462726e-06	3.950988876805339167e-03	3.494949606700613054e-01	2.118779531874888100e+00	1.337273836327293464e-01
1.765000000000000124e+00 0.000000000000000000e+00	0.000000000000000000e+00	0.000000000000000000e+00	0.000000000000000000e+00	0.000000000000000000e+00	1.445256379717264753e-06	3.200166629620790782e-03	3.103682058336281746e-01	2.105796518733903611e+00	1.525913127999452279e-01
1.774999999999999911e+00 0.000000000000000000e+00	0.000000000000000000e+00	0.000000000000000000e+00	0.000000000000000000e+00	0.000000000000000000e+00	7.934277619604654911e-07	2.585482017958750864e-03	2.748045627296651916e-01	2.087665126842021657e+00	1.732128907619331359e-01
1.785000000000000142e+00 0.000000000000000000e+00	0.000000000000000000e+00	0.000000000000000000e+00	0.000000000000000000e+00	0.000000000000000000e+00	4.190227208404989578e-07	2.083303357373277997e-03	2.426024451882609900e-01	2.064576425450508346e+00	1.956213548435822291e-01
1.794999999999999929e+00 0.000000000000000000e+00	0.000000000000000000e+00	0.000000000000000000e+00	0.000000000000000000e+00	0.000000000000000000e+00	2.135049879519835166e-07	1.673991119475784625e-03	2.135542244856050154e-01	2.036745781978992476e+00	2.198279001353654061e-01
1.805000000000000160e+00 0.000000000000000000e+00	0.000000000000000000e+00	0.000000000000000000e+00	0.000000000000000000e+00	0.000000000000000000e+00	1.030950827369520200e-07	1.341161355953110305e-03	1.874477279979590849e-01	2.004409531553225321e+00	2.458242424174681973e-01
1.814999999999999947e+00 0.000000000000000000e+00	0.000000000000000000e+00	0.000000000000000000e+00	0.000000000000000000e+00	0.000000000000000000e+00	4.768102934769408236e-08	1.071166911447870218e-03	1.640697986559848387e-01	1.967823058853578555e+00	2.735815758829552857e-01
1.825000000000000178e+00 0.000000000000000000e+00	0.000000000000000000e+00	0.000000000000000000e+00	0.000000000000000000e+00	0.000000000000000000e+00	2.029390146744007631e-08	8.526590430661918577e-04	1.432092272542913880e-01	1.927259003639966384e+00	3.030498677864074675e-01
1.834999999999999964e+00 0.000000000000000000e+00	0.000000000000000000e+00	0.000000000000000000e+00	0.000000000000000000e+00	0.000000000000000000e+00	7.061501954989556627e-09	6.762145427615393403e-04	1.246593416734488591e-01	1.883005411266953422e+00	3.341575290071807092e-01
1.845000000000000195e+00 0.000000000000000000e+00	0.000000000000000000e+00	0.000000000000000000e+00	0.000000000000000000e+00	0.000000000000000000e+00	9.113353343536954359e-10	5.340256135211491782e-04	1.082200610569405141e-01	1.835363812508959969e+00	3.668115329929586554e-01
1.854999999999999982e+00 0.000000000000000000e+00	0.000000000000000000e+00	0.000000000000000000e+00	0.000000000000000000e+00	0.000000000000000000e+00	0.000000000000000000e+00	4.196533765092120205e-04	9.369959731836613459e-02	1.784647292992681766e+00	4.008979656392511748e-01
1.865000000000000213e+00 0.000000000000000000e+00	0.000000000000000000e+00	0.000000000000000000e+00	0.000000000000000000e+00	0.000000000000000000e+00	0.000000000000000000e+00	3.278138178359844682e-04	8.091567845880512366e-02	1.731178393504012591e+00	4.362829671926721775e-01
1.875000000000000000e+00 0.000000000000000000e+00	0.000000000000000000e+00	0.000000000000000000e+00	0.000000000000000000e+00	0.000000000000000000e+00	0.000000000000000000e+00	2.542132448796558734e-04	6.969647873122612747e-02	1.675286985386071681e+00	4.728142029352174203e-01
1.885000000000000231e+00 0.000000000000000000e+00	0.000000000000000000e+00	0.000000000000000000e+00	0.000000000000000000e+00	0.000000000000000000e+00	0.000000000000000000e+00	1.953810880907117594e-04	5.988120093219186785e-02	1.617307960704097436e+00	5.103226097576428755e-01
1.895000000000000018e+00 0.000000000000000000e+00	0.000000000000000000e+00	0.000000000000000000e+00	0.000000000000000000e+00	0.000000000000000000e+00	0.000000000000000000e+00	1.485358242935593128e-04	5.132039244202446504e-02	1.557578857793614935e+00	5.486245991417149082e-01
1.905000000000000249e+00 0.000000000000000000e+00	0.000000000000000000e+00	0.000000000000000000e+00	0.000000000000000000e+00	0.000000000000000000e+00	0.000000000000000000e+00	1.114525037394760925e-04	4.387604179677465771e-02	1.496437418903925121e+00	5.875244747068870677e-01
1.915000000000000036e+00 0.000000000000000000e+00	0.000000000000000000e+00	0.000000000000000000e+00	0.000000000000000000e+00	0.000000000000000000e+00	0.000000000000000000e+00	8.234326066699023837e-05	3.742146899081097433e-02	1.434219031169428726e+00	6.268171716923731651e-01
1.924999999999999822e+00 0.000000000000000000e+00	0.000000000000000000e+00	0.000000000000000000e+00	0.000000000000000000e+00	0.000000000000000000e+00	0.000000000000000000e+00	5.975882784889726849e-05	3.184107962513352263e-02	1.371254226369635898e+00	6.662910365464386198e-01
1.935000000000000053e+00 0.000000000000000000e+00	0.000000000000000000e+00	0.000000000000000000e+00	0.000000000000000000e+00	0.000000000000000000e+00	0.000000000000000000e+00	4.249789334150403926e-05	2.702996763706066313e-02	1.307866124161316534e+00	7.057308077834145710e-01
1.944999999999999840e+00 0.000000000000000000e+00	0.000000000000000000e+00	0.000000000000000000e+00	0.000000000000000000e+00	0.000000000000000000e+00	0.000000000000000000e+00	2.954809976667342026e-05	2.289344534632227132e-02	1.244368014881029216e+00	7.449205767780822107e-01
1.955000000000000071e+00 0.000000000000000000e+00	0.000000000000000000e+00	0.000000000000000000e+00	0.000000000000000000e+00	0.000000000000000000e+00	0.000000000000000000e+00	2.004306842405142615e-05	1.934646801503838928e-02	1.181060959946956146e+00	7.836466671427819719e-01
1.964999999999999858e+00 0.000000000000000000e+00	0.000000000000000000e+00	0.000000000000000000e+00	0.000000000000000000e+00	0.000000000000000000e+00	0.000000000000000000e+00	1.323600364057446501e-05	1.631302650656660941e-02	1.118231626603338524e+00	8.217005380077312404e-01
1.975000000000000089e+00 0.000000000000000000e+00	0.000000000000000000e+00	0.000000000000000000e+00	0.000000000000000000e+00	0.000000000000000000e+00	0.000000000000000000e+00	8.493892780886873743e-06	1.372550126036458686e-02	1.056150245600190996e+00	8.588813869318399075e-01
1.984999999999999876e+00 0.000000000000000000e+00	0.000000000000000000e+00	0.000000000000000000e+00	0.000000000000000000e+00	0.000000000000000000e+00	0.000000000000000000e+00	5.289930477863004890e-06	1.152398501174176949e-02	9.950687998311332771e-01	8.949986936269033189e-01
1.995000000000000107e+00 0.000000000000000000e+00	0.000000000000000000e+00	0.000000000000000000e+00	0.000000000000000000e+00	0.000000000000000000e+00	0.000000000000000000e+00	3.191750075328970163e-06	9.655615404236383287e-03	9.352194227241893421e-01	9.298744083091415868e-01
2.004999999999999893e+00 0.000000000000000000e+00	0.000000000000000000e+00	0.000000000000000000e+00	0.000000000000000000e+00	0.000000000000000000e+00	0.000000000000000000e+00	1.862330790967274602e-06	8.073915998369705568e-03	8.768131624947024250e-01	9.633448543011564613e-01
2.015000000000000124e+00 0.000000000000000000e+00	0.000000000000000000e+00	0.000000000000000000e+00	0.000000000000000000e+00	0.000000000000000000e+00	0.000000000000000000e+00	1.049309752902187145e-06	6.738174931985405937e-03	8.200388766807359398e-01	9.952623752732203677e-01
2.025000000000000355e+00 0.000000000000000000e+00	0.000000000000000000e+00	0.000000000000000000e+00	0.000000000000000000e+00	0.000000000000000000e+00	0.000000000000000000e+00	5.697031796515228308e-07	5.612820113493875024e-03	7.650626389139278949e-01	1.025496525563898809e+00
2.035000000000000142e+00 0.000000000000000000e+00	0.000000000000000000e+00	0.000000000000000000e+00	0.000000000000000000e+00	0.000000000000000000e+00	0.000000000000000000e+00	2.984229638791608503e-07	4.666884047857785059e-03	7.120272676177554771e-01	1.053935014572470630e+00
2.044999999999999929e+00 0.000000000000000000e+00	0.000000000000000000e+00	0.000000000000000000e+00	0.000000000000000000e+00	0.000000000000000000e+00	0.000000000000000000e+00	1.488270349012147373e-07	3.873482577088498656e-03	6.610523101084064823e-01	1.080484262581171917e+00
2.054999999999999716e+00 0.000000000000000000e+00	0.000000000000000000e+00	0.000000000000000000e+00	0.000000000000000000e+00	0.000000000000000000e+00	0.000000000000000000e+00	7.132549092438383962e-08	3.209348420251031345e-03	6.122343115205529651e-01	1.105069592783633592e+00
2.064999999999999947e+00 0.000000000000000000e+00	0.000000000000000000e+00	0.000000000000000000e+00	0.000000000000000000e+00	0.000000000000000000e+00	0.000000000000000000e+00	3.207856599984866520e-08	2.654433964885052812e-03	5.656473351299918795e-01	1.127635243548514632e+00
2.075000000000000178e+00 0.000000000000000000e+00	0.000000000000000000e+00	0.000000000000000000e+00	0.000000000000000000e+00	0.000000000000000000e+00	0.000000000000000000e+00	1.266722798466652164e-08	2.191526802994800925e-03	5.213437872158370734e-01	1.148143962916575056e+00
2.084999999999999964e+00 0.000000000000000000e+00	0.000000000000000000e+00	0.000000000000000000e+00	0.000000000000000000e+00	0.000000000000000000e+00	0.000000000000000000e+00	3.516208311271883579e-09	1.805922323417707715e-03	4.793554851058633437e-01	1.166576425522164007e+00
2.094999999999999751e+00 0.000000000000000000e+00	0.000000000000000000e+00	0.000000000000000000e+00	0.000000000000000000e+00	0.000000000000000000e+00	0.000000000000000000e+00	0.000000000000000000e+00	1.485118409077259161e-03	4.396948830357744753e-01	1.182930313455875737e+00
2.104999999999999982e+00 0.000000000000000000e+00	0.000000000000000000e+00	0.000000000000000000e+00	0.000000000000000000e+00	0.000000000000000000e+00	0.000000000000000000e+00	0.000000000000000000e+00	1.218535524770702344e-03	4.023565118878059121e-01	1.197219320471589299e+00
2.115000000000000213e+00 0.000000000000000000e+00	0.000000000000000000e+00	0.000000000000000000e+00	0.000000000000000000e+00	0.000000000000000000e+00	0.000000000000000000e+00	0.000000000000000000e+00	9.972586157221447097e-04	3.673185025038564477e-01	1.209471802332071189e+00
2.125000000000000000e+00 0.000000000000000000e+00	0.000000000000000000e+00	0.000000000000000000e+00	0.000000000000000000e+00	0.000000000000000000e+00	0.000000000000000000e+00	0.000000000000000000e+00	8.137931363360081764e-04	3.345441758752178418e-01	1.219729392332515427e+00
2.134999999999999787e+00 0.000000000000000000e+00	0.000000000000000000e+00	0.000000000000000000e+00	0.000000000000000000e+00	0.000000000000000000e+00	0.000000000000000000e+00	0.000000000000000000e+00	6.618529160254539405e-04	3.039837265876845773e-01	1.228045520586970918e+00
2.145000000000000018e+00 0.000000000000000000e+00	0.000000000000000000e+00	0.000000000000000000e+00	0.000000000000000000e+00	0.000000000000000000e+00	0.000000000000000000e+00	0.000000000000000000e+00	5.361714300171657559e-04	2.755758910749171453e-01	1.234483853609892545e+00
2.155000000000000249e+00 0.000000000000000000e+00	0.000000000000000000e+00	0.000000000000000000e+00	0.000000000000000000e+00	0.000000000000000000e+00	0.000000000000000000e+00	0.000000000000000000e+00	4.323345475816735652e-04	2.492495829614390646e-01	1.239116766067576370e+00
2.165000000000000036e+00 0.000000000000000000e+00	0.000000000000000000e+00	0.000000000000000000e+00	0.000000000000000000e+00	0.000000000000000000e+00	0.000000000000000000e+00	0.000000000000000000e+00	3.466568203595095810e-04	2.249255279481202074e-01	1.242023860902461641e+00
2.174999999999999822e+00 0.000000000000000000e+00	0.000000000000000000e+00	0.000000000000000000e+00	0.000000000000000000e+00	0.000000000000000000e+00	0.000000000000000000e+00	0.000000000000000000e+00	2.760675578588035425e-04	2.025178362180100611e-01	1.243290505849353744e+00
2.185000000000000053e+00 0.000000000000000000e+00	0.000000000000000000e+00	0.000000000000000000e+00	0.000000000000000000e+00	0.000000000000000000e+00	0.000000000000000000e+00	0.000000000000000000e+00	2.180293096306168367e-04	1.819354955635648086e-01	1.243006489592658248e+00
2.195000000000000284e+00 0.000000000000000000e+00	0.000000000000000000e+00	0.000000000000000000e+00	0.000000000000000000e+00	0.000000000000000000e+00	0.000000000000000000e+00	0.000000000000000000e+00	1.704589906311516402e-04	1.630837979768604840e-01	1.241264726648968031e+00
2.205000000000000071e+00 0.000000000000000000e+00	0.000000000000000000e+00	0.000000000000000000e+00	0.000000000000000000e+00	0.000000000000000000e+00	0.000000000000000000e+00	0.000000000000000000e+00	1.316538742504664758e-04	1.458656805007804980e-01	1.238160057382621693e+00
2.214999999999999858e+00 0.000000000000000000e+00	0.000000000000000000e+00	0.000000000000000000e+00	0.000000000000000000e+00	0.000000000000000000e+00	0.000000000000000000e+00	0.000000000000000000e+00	1.002250790282582316e-04	1.301829408329579219e-01	1.233788111545902177e+00
2.225000000000000089e+00 0.000000000000000000e+00	0.000000000000000000e+00	0.000000000000000000e+00	0.000000000000000000e+00	0.000000000000000000e+00	0.000000000000000000e+00	0.000000000000000000e+00	7.502777699410775143e-05	1.159373838102770310e-01	1.228244332056471100e+00
2.235000000000000320e+00 0.000000000000000000e+00	0.000000000000000000e+00	0.000000000000000000e+00	0.000000000000000000e+00	0.000000000000000000e+00	0.000000000000000000e+00	0.000000000000000000e+00	5.509649580450808141e-05	1.030317947477364243e-01	1.221623023882315362e+00
2.245000000000000107e+00 0.000000000000000000e+00	0.000000000000000000e+00	0.000000000000000000e+00	0.000000000000000000e+00	0.000000000000000000e+00	0.000000000000000000e+00	0.000000000000000000e+00	3.959602425011529443e-05	9.137078274340358630e-02	1.214016609335253349e+00
2.254999999999999893e+00 0.000000000000000000e+00	0.000000000000000000e+00	0.000000000000000000e+00	0.000000000000000000e+00	0.000000000000000000e+00	0.000000000000000000e+00	0.000000000000000000e+00	2.778772294388572525e-05	8.086154536854657515e-02	1.205514953748511253e+00
2.265000000000000124e+00 0.000000000000000000e+00	0.000000000000000000e+00	0.000000000000000000e+00	0.000000000000000000e+00	0.000000000000000000e+00	0.000000000000000000e+00	0.000000000000000000e+00	1.900249876483187014e-05	7.141439968933240012e-02	1.196204777429710653e+00
2.275000000000000355e+00 0.000000000000000000e+00	0.000000000000000000e+00	0.000000000000000000e+00	0.000000000000000000e+00	0.000000000000000000e+00	0.000000000000000000e+00	0.000000000000000000e+00	1.264018967111197948e-05	6.294330191852602618e-02	1.186169275904204179e+00
2.285000000000000142e+00 0.000000000000000000e+00	0.000000000000000000e+00	0.000000000000000000e+00	0.000000000000000000e+00	0.000000000000000000e+00	0.000000000000000000e+00	0.000000000000000000e+00	8.163710984609649746e-06	5.536617182147177824e-02	1.175487659838567733e+00
2.294999999999999929e+00 0.000000000000000000e+00	0.000000000000000000e+00	0.000000000000000000e+00	0.000000000000000000e+00	0.000000000000000000e+00	0.000000000000000000e+00	0.000000000000000000e+00	5.112196044431256231e-06	4.860514312742716947e-02	1.164234945717178560e+00
2.305000000000000160e+00 0.000000000000000000e+00	0.000000000000000000e+00	0.000000000000000000e+00	0.000000000000000000e+00	0.000000000000000000e+00	0.000000000000000000e+00	0.000000000000000000e+00	3.098894159831433330e-06	4.258676477367410312e-02	1.152481718624094542e+00
2.314999999999999947e+00 0.000000000000000000e+00	0.000000000000000000e+00	0.000000000000000000e+00	0.000000000000000000e+00	0.000000000000000000e+00	0.000000000000000000e+00	0.000000000000000000e+00	1.815327836679659212e-06	3.724208042360358656e-02	1.140294019307927842e+00
2.325000000000000178e+00 0.000000000000000000e+00	0.000000000000000000e+00	0.000000000000000000e+00	0.000000000000000000e+00	0.000000000000000000e+00	0.000000000000000000e+00	0.000000000000000000e+00	1.026202472328090468e-06	3.250667581670722145e-02	1.127733266808337520e+00
2.334999999999999964e+00 0.000000000000000000e+00	0.000000000000000000e+00	0.000000000000000000e+00	0.000000000000000000e+00	0.000000000000000000e+00	0.000000000000000000e+00	0.000000000000000000e+00	5.605725829328299125e-07	2.832065413091068226e-02	1.114856326126495878e+00
2.344999999999999751e+00 0.000000000000000000e+00	0.000000000000000000e+00	0.000000000000000000e+00	0.000000000000000000e+00	0.000000000000000000e+00	0.000000000000000000e+00	0.000000000000000000e+00	2.938720671695454540e-07	2.462855430574721269e-02	1.101715553868324982e+00
2.354999999999999982e+00 0.000000000000000000e+00	0.000000000000000000e+00	0.000000000000000000e+00	0.000000000000000000e+00	0.000000000000000000e+00	0.000000000000000000e+00	0.000000000000000000e+00	1.473839820542052703e-07	2.137925081739273578e-02	1.088358932396247036e+00
2.365000000000000213e+00 0.000000000000000000e+00	0.000000000000000000e+00	0.000000000000000000e+00	0.000000000000000000e+00	0.000000000000000000e+00	0.000000000000000000e+00	0.000000000000000000e+00	7.107284446439602450e-08	1.852579547652184050e-02	1.074830317701928495e+00
2.375000000000000000e+00 0.000000000000000000e+00	0.000000000000000000e+00	0.000000000000000000e+00	0.000000000000000000e+00	0.000000000000000000e+00	0.000000000000000000e+00	0.000000000000000000e+00	3.193552702332421058e-08	1.602525582691528491e-02	1.061169541880716549e+00
2.384999999999999787e+00 0.000000000000000000e+00	0.000000000000000000e+00	0.000000000000000000e+00	0.000000000000000000e+00	0.000000000000000000e+00	0.000000000000000000e+00	0.000000000000000000e+00	1.262879136846958216e-08	1.383850703818003021e-02	1.047412754575672622e+00
2.395000000000000018e+00 0.000000000000000000e+00	0.000000000000000000e+00	0.000000000000000000e+00	0.000000000000000000e+00	0.000000000000000000e+00	0.000000000000000000e+00	0.000000000000000000e+00	3.477787738987025218e-09	1.193004567375163284e-02	1.033592578648961036e+00
2.405000000000000249e+00 0.000000000000000000e+00	0.000000000000000000e+00	0.000000000000000000e+00	0.000000000000000000e+00	0.000000000000000000e+00	0.000000000000000000e+00	0.000000000000000000e+00	0.000000000000000000e+00	1.026776513170184722e-02	1.019738404481342675e+00
2.415000000000000036e+00 0.000000000000000000e+00	0.000000000000000000e+00	0.000000000000000000e+00	0.000000000000000000e+00	0.000000000000000000e+00	0.000000000000000000e+00	0.000000000000000000e+00	0.000000000000000000e+00	8.822733079951567206e-03	1.005876611912480234e+00
2.424999999999999822e+00 0.000000000000000000e+00	0.000000000000000000e+00	0.000000000000000000e+00	0.000000000000000000e+00	0.000000000000000000e+00	0.000000000000000000e+00	0.000000000000000000e+00	0.000000000000000000e+00	7.568979071954470145e-03	9.920307423321402807e-01
2.435000000000000053e+00 0.000000000000000000e+00	0.000000000000000000e+00	0.000000000000000000e+00	0.000000000000000000e+00	0.000000000000000000e+00	0.000000000000000000e+00	0.000000000000000000e+00	0.000000000000000000e+00	6.483244921926719848e-03	9.782217665438439624e-01
2.445000000000000284e+00 0.000000000000000000e+00	0.000000000000000000e+00	0.000000000000000000e+00	0.000000000000000000e+00	0.000000000000000000e+00	0.000000000000000000e+00	0.000000000000000000e+00	0.000000000000000000e+00	5.544775793729975026e-03	9.644681717486451866e-01
2.455000000000000071e+00 0.000000000000000000e+00	0.000000000000000000e+00	0.000000000000000000e+00	0.000000000000000000e+00	0.000000000000000000e+00	0.000000000000000000e+00	0.000000000000000000e+00	0.000000000000000000e+00	4.735084710435120969e-03	9.507861581448420196e-01
2.464999999999999858e+00 0.000000000000000000e+00	0.000000000000000000e+00	0.000000000000000000e+00	0.000000000000000000e+00	0.000000000000000000e+00	0.000000000000000000e+00	0.000000000000000000e+00	0.000000000000000000e+00	4.037741675807412708e-03	9.371897822618376894e-01
2.475000000000000089e+00 0.000000000000000000e+00	0.000000000000000000e+00	0.000000000000000000e+00	0.000000000000000000e+00	0.000000000000000000e+00	0.000000000000000000e+00	0.000000000000000000e+00	0.000000000000000000e+00	3.438180128303435033e-03	9.236910752881509756e-01
2.485000000000000320e+00 0.000000000000000000e+00	0.000000000000000000e+00	0.000000000000000000e+00	0.000000000000000000e+00	0.000000000000000000e+00	0.000000000000000000e+00	0.000000000000000000e+00	0.000000000000000000e+00	2.923494981034458103e-03	9.103002610287648233e-01
2.495000000000000107e+00 0.000000000000000000e+00	0.000000000000000000e+00	0.000000000000000000e+00	0.000000000000000000e+00	0.000000000000000000e+00	0.000000000000000000e+00	0.000000000000000000e+00	0.000000000000000000e+00	2.482297143071123587e-03	8.970259131348909953e-01
2.504999999999999893e+00 0.000000000000000000e+00	0.000000000000000000e+00	0.000000000000000000e+00	0.000000000000000000e+00	0.000000000000000000e+00	0.000000000000000000e+00	0.000000000000000000e+00	0.000000000000000000e+00	2.104555364722444227e-03	8.838752152319403477e-01
2.515000000000000124e+00 0.000000000000000000e+00	0.000000000000000000e+00	0.000000000000000000e+00	0.000000000000000000e+00	0.000000000000000000e+00	0.000000000000000000e+00	0.000000000000000000e+00	0.000000000000000000e+00	1.781477034666068904e-03	8.708540979163683637e-01
2.525000000000000355e+00 0.000000000000000000e+00	0.000000000000000000e+00	0.000000000000000000e+00	0.000000000000000000e+00	0.000000000000000000e+00	0.000000000000000000e+00	0.000000000000000000e+00	0.000000000000000000e+00	1.505392252791145583e-03	8.579675157614584657e-01
2.535000000000000142e+00 0.000000000000000000e+00	0.000000000000000000e+00	0.000000000000000000e+00	0.000000000000000000e+00	0.000000000000000000e+00	0.000000000000000000e+00	0.000000000000000000e+00	0.000000000000000000e+00	1.269650896417490139e-03	8.452195794014709662e-01
2.544999999999999929e+00 0.000000000000000000e+00	0.000000000000000000e+00	0.000000000000000000e+00	0.000000000000000000e+00	0.000000000000000000e+00	0.000000000000000000e+00	0.000000000000000000e+00	0.000000000000000000e+00	1.068530043062175180e-03	8.326136673876030070e-01
2.555000000000000160e+00 0.000000000000000000e+00	0.000000000000000000e+00	0.000000000000000000e+00	0.000000000000000000e+00	0.000000000000000000e+00	0.000000000000000000e+00	0.000000000000000000e+00	0.000000000000000000e+00	8.971195021767181107e-04	8.201525833389681219e-01
2.564999999999999947e+00 0.000000000000000000e+00	0.000000000000000000e+00	0.000000000000000000e+00	0.000000000000000000e+00	0.000000000000000000e+00	0.000000000000000000e+00	0.000000000000000000e+00	0.000000000000000000e+00	7.512247886076451036e-04	8.078385882168911403e-01
2.575000000000000178e+00 0.000000000000000000e+00	0.000000000000000000e+00	0.000000000000000000e+00	0.000000000000000000e+00	0.000000000000000000e+00	0.000000000000000000e+00	0.000000000000000000e+00	0.000000000000000000e+00	6.272482181735306288e-04	7.956734737869552987e-01
2.584999999999999964e+00 0.000000000000000000e+00	0.000000000000000000e+00	0.000000000000000000e+00	0.000000000000000000e+00	0.000000000000000000e+00	0.000000000000000000e+00	0.000000000000000000e+00	0.000000000000000000e+00	5.220906988904253608e-04	7.836586322266262394e-01
2.594999999999999751e+00 0.000000000000000000e+00	0.000000000000000000e+00	0.000000000000000000e+00	0.000000000000000000e+00	0.000000000000000000e+00	0.000000000000000000e+00	0.000000000000000000e+00	0.000000000000000000e+00	4.330563581636095245e-04	7.717950314370520815e-01
2.604999999999999982e+00 0.000000000000000000e+00	0.000000000000000000e+00	0.000000000000000000e+00	0.000000000000000000e+00	0.000000000000000000e+00	0.000000000000000000e+00	0.000000000000000000e+00	0.000000000000000000e+00	3.577839173090297605e-04	7.600833333476489928e-01
2.615000000000000213e+00 0.000000000000000000e+00	0.000000000000000000e+00	0.000000000000000000e+00	0.000000000000000000e+00	0.000000000000000000e+00	0.000000000000000000e+00	0.000000000000000000e+00	0.000000000000000000e+00	2.942069156465614834e-04	7.485238051121748670e-01
2.625000000000000000e+00 0.000000000000000000e+00	0.000000000000000000e+00	0.000000000000000000e+00	0.000000000000000000e+00	0.000000000000000000e+00	0.000000000000000000e+00	0.000000000000000000e+00	0.000000000000000000e+00	2.405284374894955024e-04	7.371164563061544106e-01
2.634999999999999787e+00 0.000000000000000000e+00	0.000000000000000000e+00	0.000000000000000000e+00	0.000000000000000000e+00	0.000000000000000000e+00	0.000000000000000000e+00	0.000000000000000000e+00	0.000000000000000000e+00	1.952096948955218286e-04	7.258609284492415492e-01
2.645000000000000018e+00 0.000000000000000000e+00	0.000000000000000000e+00	0.000000000000000000e+00	0.000000000000000000e+00	0.000000000000000000e+00	0.000000000000000000e+00	0.000000000000000000e+00	0.000000000000000000e+00	1.569736926237274720e-04	7.147566163574904374e-01
2.655000000000000249e+00 0.000000000000000000e+00	0.000000000000000000e+00	0.000000000000000000e+00	0.000000000000000000e+00	0.000000000000000000e+00	0.000000000000000000e+00	0.000000000000000000e+00	0.000000000000000000e+00	1.247806681050893265e-04	7.038026379567837720e-01
2.665000000000000036e+00 0.000000000000000000e+00	0.000000000000000000e+00	0.000000000000000000e+00	0.000000000000000000e+00	0.000000000000000000e+00	0.000000000000000000e+00	0.000000000000000000e+00	0.000000000000000000e+00	9.780419016571633166e-05	6.929978998566648229e-01
2.674999999999999822e+00 0.000000000000000000e+00	0.000000000000000000e+00	0.000000000000000000e+00	0.000000000000000000e+00	0.000000000000000000e+00	0.000000000000000000e+00	0.000000000000000000e+00	0.000000000000000000e+00	7.538502698407718795e-05	6.823411452898922036e-01
2.685000000000000053e+00 0.000000000000000000e+00	0.000000000000000000e+00	0.000000000000000000e+00	0.000000000000000000e+00	0.000000000000000000e+00	0.000000000000000000e+00	0.000000000000000000e+00	0.000000000000000000e+00	5.698770642684191105e-05	6.718309861474468514e-01
2.695000000000000284e+00 0.000000000000000000e+00	0.000000000000000000e+00	0.000000000000000000e+00	0.000000000000000000e+00	0.000000000000000000e+00	0.000000000000000000e+00	0.000000000000000000e+00	0.000000000000000000e+00	4.214295235951787767e-05	6.614659925693991971e-01
2.705000000000000071e+00 0.000000000000000000e+00	0.000000000000000000e+00	0.000000000000000000e+00	0.000000000000000000e+00	0.000000000000000000e+00	0.000000000000000000e+00	0.000000000000000000e+00	0.000000000000000000e+00	3.041500845635250667e-05	6.512447160312132555e-01
2.714999999999999858e+00 0.000000000000000000e+00	0.000000000000000000e+00	0.000000000000000000e+00	0.000000000000000000e+00	0.000000000000000000e+00	0.000000000000000000e+00	0.000000000000000000e+00	0.000000000000000000e+00	2.137708796529750013e-05	6.411656997814426662e-01
2.725000000000000089e+00 0.000000000000000000e+00	0.000000000000000000e+00	0.000000000000000000e+00	0.000000000000000000e+00	0.000000000000000000e+00	0.000000000000000000e+00	0.000000000000000000e+00	0.000000000000000000e+00	1.460410941419265269e-05	6.312275289324900118e-01
2.735000000000000320e+00 0.000000000000000000e+00	0.000000000000000000e+00	0.000000000000000000e+00	0.000000000000000000e+00	0.000000000000000000e+00	0.000000000000000000e+00	0.000000000000000000e+00	0.000000000000000000e+00	9.681253093422971780e-06	6.214287910210768429e-01
2.745000000000000107e+00 0.000000000000000000e+00	0.000000000000000000e+00	0.000000000000000000e+00	0.000000000000000000e+00	0.000000000000000000e+00	0.000000000000000000e+00	0.000000000000000000e+00	0.000000000000000000e+00	6.218431534429616676e-06	6.117681039609406124e-01
2.754999999999999893e+00 0.000000000000000000e+00	0.000000000000000000e+00	0.000000000000000000e+00	0.000000000000000000e+00	0.000000000000000000e+00	0.000000000000000000e+00	0.000000000000000000e+00	0.000000000000000000e+00	3.864622206367841528e-06	6.022440712841828914e-01
2.765000000000000124e+00 0.000000000000000000e+00	0.000000000000000000e+00	0.000000000000000000e+00	0.000000000000000000e+00	0.000000000000000000e+00	0.000000000000000000e+00	0.000000000000000000e+00	0.000000000000000000e+00	2.321317371505990089e-06	5.928552989915151228e-01
2.775000000000000355e+00 0.000000000000000000e+00	0.000000000000000000e+00	0.000000000000000000e+00	0.000000000000000000e+00	0.000000000000000000e+00	0.000000000000000000e+00	0.000000000000000000e+00	0.000000000000000000e+00	1.347566405197914143e-06	5.836003212335336698e-01
2.785000000000000142e+00 0.000000000000000000e+00	0.000000000000000000e+00	0.000000000000000000e+00	0.000000000000000000e+00	0.000000000000000000e+00	0.000000000000000000e+00	0.000000000000000000e+00	0.000000000000000000e+00	7.541891465220043078e-07	5.744776505476359985e-01
2.794999999999999929e+00 0.000000000000000000e+00	0.000000000000000000e+00	0.000000000000000000e+00	0.000000000000000000e+00	0.000000000000000000e+00	0.000000000000000000e+00	0.000000000000000000e+00	0.000000000000000000e+00	4.056115647250676137e-07	5.654857396958756777e-01
2.805000000000000160e+00 0.000000000000000000e+00	0.000000000000000000e+00	0.000000000000000000e+00	0.000000000000000000e+00	0.000000000000000000e+00	0.000000000000000000e+00	0.000000000000000000e+00	0.000000000000000000e+00	2.103343428361975223e-07	5.566231739422999869e-01
2.814999999999999947e+00 0.000000000000000000e+00	0.000000000000000000e+00	0.000000000000000000e+00	0.000000000000000000e+00	0.000000000000000000e+00	0.000000000000000000e+00	0.000000000000000000e+00	0.000000000000000000e+00	1.044542920669620215e-07	5.478887250271992082e-01
2.825000000000000178e+00 0.000000000000000000e+00	0.000000000000000000e+00	0.000000000000000000e+00	0.000000000000000000e+00	0.000000000000000000e+00	0.000000000000000000e+00	0.000000000000000000e+00	0.000000000000000000e+00	4.889106879798928898e-08	5.392814350638266419e-01
2.834999999999999964e+00 0.000000000000000000e+00	0.000000000000000000e+00	0.000000000000000000e+00	0.000000000000000000e+00	0.000000000000000000e+00	0.000000000000000000e+00	0.000000000000000000e+00	0.000000000000000000e+00	2.092588431026292524e-08	5.308009915750798724e-01
2.844999999999999751e+00 0.000000000000000000e+00	0.000000000000000000e+00	0.000000000000000000e+00	0.000000000000000000e+00	0.000000000000000000e+00	0.000000000000000000e+00	0.000000000000000000e+00	0.000000000000000000e+00	7.455150080752914467e-09	5.224482213709545908e-01
2.854999999999999982e+00 0.000000000000000000e+00	0.000000000000000000e+00	0.000000000000000000e+00	0.000000000000000000e+00	0.000000000000000000e+00	0.000000000000000000e+00	0.000000000000000000e+00	0.000000000000000000e+00	1.078951067497463172e-09	5.142259245808715740e-01
2.865000000000000213e+00 0.000000000000000000e+00	0.000000000000000000e+00	0.000000000000000000e+00	0.000000000000000000e+00	0.000000000000000000e+00	0.000000000000000000e+00	0.000000000000000000e+00	0.000000000000000000e+00	0.000000000000000000e+00	5.061400131114653922e-01
2.875000000000000000e+00 0.000000000000000000e+00	0.000000000000000000e+00	0.000000000000000000e+00	0.000000000000000000e+00	0.000000000000000000e+00	0.000000000000000000e+00	0.000000000000000000e+00	0.000000000000000000e+00	0.000000000000000000e+00	4.982012117176320420e-01
2.884999999999999787e+00 0.000000000000000000e+00	0.000000000000000000e+00	0.000000000000000000e+00	0.000000000000000000e+00	0.000000000000000000e+00	0.000000000000000000e+00	0.000000000000000000e+00	0.000000000000000000e+00	0.000000000000000000e+00	4.904272429756593721e-01
2.895000000000000018e+00 0.000000000000000000e+00	0.000000000000000000e+00	0.000000000000000000e+00	0.000000000000000000e+00	0.000000000000000000e+00	0.000000000000000000e+00	0.000000000000000000e+00	0.000000000000000000e+00	0.000000000000000000e+00	4.828455811791931840e-01
2.905000000000000249e+00 0.000000000000000000e+00	0.000000000000000000e+00	0.000000000000000000e+00	0.000000000000000000e+00	0.000000000000000000e+00	0.000000000000000000e+00	0.000000000000000000e+00	0.000000000000000000e+00	0.000000000000000000e+00	4.754964081298361234e-01
2.915000000000000036e+00 0.000000000000000000e+00	0.000000000000000000e+00	0.000000000000000000e+00	0.000000000000000000e+00	0.000000000000000000e+00	0.000000000000000000e+00	0.000000000000000000e+00	0.000000000000000000e+00	0.000000000000000000e+00	4.684354865892493280e-01
2.924999999999999822e+00 0.000000000000000000e+00	0.000000000000000000e+00	0.000000000000000000e+00	0.000000000000000000e+00	0.000000000000000000e+00	0.000000000000000000e+00	0.000000000000000000e+00	0.000000000000000000e+00	0.000000000000000000e+00	4.617362466936223431e-01
2.935000000000000053e+00 0.000000000000000000e+00	0.000000000000000000e+00	0.000000000000000000e+00	0.000000000000000000e+00	0.000000000000000000e+00	0.000000000000000000e+00	0.000000000000000000e+00	0.000000000000000000e+00	0.000000000000000000e+00	4.554903138965046838e-01
2.945000000000000284e+00 0.000000000000000000e+00	0.000000000000000000e+00	0.000000000000000000e+00	0.000000000000000000e+00	0.000000000000000000e+00	0.000000000000000000e+00	0.000000000000000000e+00	0.000000000000000000e+00	0.000000000000000000e+00	4.498057669060119279e-01
2.955000000000000071e+00 0.000000000000000000e+00	0.000000000000000000e+00	0.000000000000000000e+00	0.000000000000000000e+00	0.000000000000000000e+00	0.000000000000000000e+00	0.000000000000000000e+00	0.000000000000000000e+00	0.000000000000000000e+00	4.448025844776832272e-01
2.964999999999999858e+00 0.000000000000000000e+00	0.000000000000000000e+00	0.000000000000000000e+00	0.000000000000000000e+00	0.000000000000000000e+00	0.000000000000000000e+00	0.000000000000000000e+00	0.000000000000000000e+00	0.000000000000000000e+00	4.406051426499850154e-01
2.975000000000000089e+00 0.000000000000000000e+00	0.000000000000000000e+00	0.000000000000000000e+00	0.000000000000000000e+00	0.000000000000000000e+00	0.000000000000000000e+00	0.000000000000000000e+00	0.000000000000000000e+00	0.000000000000000000e+00	4.373324285841895254e-01
2.985000000000000320e+00 0.000000000000000000e+00	0.000000000000000000e+00	0.000000000000000000e+00	0.000000000000000000e+00	0.000000000000000000e+00	0.000000000000000000e+00	0.000000000000000000e+00	0.000000000000000000e+00	0.000000000000000000e+00	4.350869524247644171e-01
2.995000000000000107e+00 0.000000000000000000e+00	0.000000000000000000e+00	0.000000000000000000e+00	0.000000000000000000e+00	0.000000000000000000e+00	0.000000000000000000e+00	0.000000000000000000e+00	0.000000000000000000e+00	0.000000000000000000e+00	4.339441914104153475e-01
